#  date   doy  time   mod         R         W         Z         P        N0    Lambda      Ntot      RCum
#                              mm/h  mm^3/m^3        dB J/m^2 min                1/mm                  mm
 160715   197  0000     0      0.00       0.0    -31.50      0.00         0      0.00         0      0.00
 160715   197  0001     1      0.00       0.0    -31.50      0.00         0      0.00         0      0.00
 160715   197  0002     2      0.00       0.0    -31.50      0.00         0      0.00         0      0.00
 160715   197  0003     3      0.00       0.0    -31.50      0.00         0      0.00         0      0.00
 160715   197  0004     4      0.00       0.0    -31.50      0.00         0      0.00         0      0.00
 160715   197  0005     5      0.00       0.0    -31.50      0.00         0      0.00         0      0.00
 160715   197  0006     6      0.00       0.0    -31.50      0.00         0      0.00         0      0.00
 160715   197  0007     7      0.00       0.0    -31.50      0.00         0      0.00         0      0.00
 160715   197  0008     8      0.00       0.0    -31.50      0.00         0      0.00         0      0.00
 160715   197  0009     9      0.00       0.0    -31.50      0.00         0      0.00         0      0.00
 160715   197  0010    10      0.00       0.0    -31.50      0.00         0      0.00         0      0.00
 160715   197  0011    11      0.00       0.0    -31.50      0.00         0      0.00         0      0.00
 160715   197  0012    12      0.00       0.0    -31.50      0.00         0      0.00         0      0.00
 160715   197  0013    13      0.00       0.0    -31.50      0.00         0      0.00         0      0.00
 160715   197  0014    14      0.00       0.0    -31.50      0.00         0      0.00         0      0.00
 160715   197  0015    15      0.00       0.0    -31.50      0.00         0      0.00         0      0.00
 160715   197  0016    16      0.00       0.0    -31.50      0.00         0      0.00         0      0.00
 160715   197  0017    17      0.00       0.0    -31.50      0.00         0      0.00         0      0.00
 160715   197  0018    18      0.00       0.0    -31.50      0.00         0      0.00         0      0.00
 160715   197  0019    19      0.00       0.0    -31.50      0.00         0      0.00         0      0.00
 160715   197  0020    20      0.00       0.0    -31.50      0.00         0      0.00         0      0.00
 160715   197  0021    21      0.00       0.0    -31.50      0.00         0      0.00         0      0.00
 160715   197  0022    22      0.00       0.0    -31.50      0.00         0      0.00         0      0.00
 160715   197  0023    23      0.00       0.0    -31.50      0.00         0      0.00         0      0.00
 160715   197  0024    24      0.00       0.0    -31.50      0.00         0      0.00         0      0.00
 160715   197  0025    25      0.00       0.0    -31.50      0.00         0      0.00         0      0.00
 160715   197  0026    26      0.00       0.0    -31.50      0.00         0      0.00         0      0.00
 160715   197  0027    27      0.00       0.0    -31.50      0.00         0      0.00         0      0.00
 160715   197  0028    28      0.00       0.0    -31.50      0.00         0      0.00         0      0.00
 160715   197  0029    29      0.00       0.0    -31.50      0.00         0      0.00         0      0.00
 160715   197  0030    30      0.00       0.0    -31.50      0.00         0      0.00         0      0.00
 160715   197  0031    31      0.00       0.0    -31.50      0.00         0      0.00         0      0.00
 160715   197  0032    32      0.00       0.0    -31.50      0.00         0      0.00         0      0.00
 160715   197  0033    33      0.00       0.0    -31.50      0.00         0      0.00         0      0.00
 160715   197  0034    34      0.00       0.0    -31.50      0.00         0      0.00         0      0.00
 160715   197  0035    35      0.00       0.0    -31.50      0.00         0      0.00         0      0.00
 160715   197  0036    36      0.00       0.0    -31.50      0.00         0      0.00         0      0.00
 160715   197  0037    37      0.00       0.0    -31.50      0.00         0      0.00         0      0.00
 160715   197  0038    38      0.00       0.0    -31.50      0.00         0      0.00         0      0.00
 160715   197  0039    39      0.00       0.0    -31.50      0.00         0      0.00         0      0.00
 160715   197  0040    40      0.00       0.0    -31.50      0.00         0      0.00         0      0.00
 160715   197  0041    41      0.00       0.0    -31.50      0.00         0      0.00         0      0.00
 160715   197  0042    42      0.00       0.0    -31.50      0.00         0      0.00         0      0.00
 160715   197  0043    43      0.00       0.0    -31.50      0.00         0      0.00         0      0.00
 160715   197  0044    44      0.00       0.0    -31.50      0.00         0      0.00         0      0.00
 160715   197  0045    45      0.00       0.0    -31.50      0.00         0      0.00         0      0.00
 160715   197  0046    46      0.00       0.0    -31.50      0.00         0      0.00         0      0.00
 160715   197  0047    47      0.00       0.0    -31.50      0.00         0      0.00         0      0.00
 160715   197  0048    48      0.00       0.0    -31.50      0.00         0      0.00         0      0.00
 160715   197  0049    49      0.00       0.0    -31.50      0.00         0      0.00         0      0.00
 160715   197  0050    50      0.00       0.0    -31.50      0.00         0      0.00         0      0.00
 160715   197  0051    51      0.00       0.0    -31.50      0.00         0      0.00         0      0.00
 160715   197  0052    52      0.00       0.0    -31.50      0.00         0      0.00         0      0.00
 160715   197  0053    53      0.00       0.0    -31.50      0.00         0      0.00         0      0.00
 160715   197  0054    54      0.00       0.0    -31.50      0.00         0      0.00         0      0.00
 160715   197  0055    55      0.00       0.0    -31.50      0.00         0      0.00         0      0.00
 160715   197  0056    56      0.00       0.0    -31.50      0.00         0      0.00         0      0.00
 160715   197  0057    57      0.00       0.0    -31.50      0.00         0      0.00         0      0.00
 160715   197  0058    58      0.00       0.0    -31.50      0.00         0      0.00         0      0.00
 160715   197  0059    59      0.00       0.0    -31.50      0.00         0      0.00         0      0.00
 160715   197  0100    60      0.00       0.0    -31.50      0.00         0      0.00         0      0.00
 160715   197  0101    61      0.00       0.0    -31.50      0.00         0      0.00         0      0.00
 160715   197  0102    62      0.00       0.0    -31.50      0.00         0      0.00         0      0.00
 160715   197  0103    63      0.00       0.0    -31.50      0.00         0      0.00         0      0.00
 160715   197  0104    64      0.00       0.1    -22.70      0.00       676     13.70         1      0.00
 160715   197  0105    65      0.00       0.0    -31.50      0.00         0      0.00         0      0.00
 160715   197  0106    66      0.00       0.0    -31.50      0.00         0      0.00         0      0.00
 160715   197  0107    67      0.00       0.0    -31.50      0.00         0      0.00         0      0.00
 160715   197  0108    68      0.00       0.0    -31.50      0.00         0      0.00         0      0.00
 160715   197  0109    69      0.00       0.0    -31.50      0.00         0      0.00         0      0.00
 160715   197  0110    70      0.00       0.0    -31.50      0.00         0      0.00         0      0.00
 160715   197  0111    71      0.00       0.0    -31.50      0.00         0      0.00         0      0.00
 160715   197  0112    72      0.00       0.0    -31.50      0.00         0      0.00         0      0.00
 160715   197  0113    73      0.00       0.0    -31.50      0.00         0      0.00         0      0.00
 160715   197  0114    74      0.00       0.0    -31.50      0.00         0      0.00         0      0.00
 160715   197  0115    75      0.00       0.0    -31.50      0.00         0      0.00         0      0.00
 160715   197  0116    76      0.00       0.0    -31.50      0.00         0      0.00         0      0.00
 160715   197  0117    77      0.00       0.0    -31.50      0.00         0      0.00         0      0.00
 160715   197  0118    78      0.00       0.0    -31.50      0.00         0      0.00         0      0.00
 160715   197  0119    79      0.00       0.0    -31.50      0.00         0      0.00         0      0.00
 160715   197  0120    80      0.00       0.0    -31.50      0.00         0      0.00         0      0.00
 160715   197  0121    81      0.00       0.0    -31.50      0.00         0      0.00         0      0.00
 160715   197  0122    82      0.00       0.0    -31.50      0.00         0      0.00         0      0.00
 160715   197  0123    83      0.00       0.0    -31.50      0.00         0      0.00         0      0.00
 160715   197  0124    84      0.00       0.0    -31.50      0.00         0      0.00         0      0.00
 160715   197  0125    85      0.00       0.0    -31.50      0.00         0      0.00         0      0.00
 160715   197  0126    86      0.00       0.0    -31.50      0.00         0      0.00         0      0.00
 160715   197  0127    87      0.00       0.0    -31.50      0.00         0      0.00         0      0.00
 160715   197  0128    88      0.00       0.0    -31.50      0.00         0      0.00         0      0.00
 160715   197  0129    89      0.00       0.1    -13.86      0.00       266      8.97         1      0.00
 160715   197  0130    90      0.00       0.0    -31.50      0.00         0      0.00         0      0.00
 160715   197  0131    91      0.00       0.0    -31.50      0.00         0      0.00         0      0.00
 160715   197  0132    92      0.00       0.0    -31.50      0.00         0      0.00         0      0.00
 160715   197  0133    93      0.00       0.0    -31.50      0.00         0      0.00         0      0.00
 160715   197  0134    94      0.00       0.0    -31.50      0.00         0      0.00         0      0.00
 160715   197  0135    95      0.00       0.0    -31.50      0.00         0      0.00         0      0.00
 160715   197  0136    96      0.00       0.0    -31.50      0.00         0      0.00         0      0.00
 160715   197  0137    97      0.00       0.0    -31.50      0.00         0      0.00         0      0.00
