160715   197  0000     0  0  0  0  0  0  0  0  0  0  0  0  0  0  0  0  0  0  0  0  0
160715   197  0001     1  0  0  0  0  0  0  0  0  0  0  0  0  0  0  0  0  0  0  0  0
160715   197  0002     2  0  0  0  0  0  0  0  0  0  0  0  0  0  0  0  0  0  0  0  0
160715   197  0003     3  0  0  0  0  0  0  0  0  0  0  0  0  0  0  0  0  0  0  0  0
160715   197  0004     4  0  0  0  0  0  0  0  0  0  0  0  0  0  0  0  0  0  0  0  0
160715   197  0005     5  0  0  0  0  0  0  0  0  0  0  0  0  0  0  0  0  0  0  0  0
160715   197  0006     6  0  0  0  0  0  0  0  0  0  0  0  0  0  0  0  0  0  0  0  0
160715   197  0007     7  0  0  0  0  0  0  0  0  0  0  0  0  0  0  0  0  0  0  0  0
160715   197  0008     8  0  0  0  0  0  0  0  0  0  0  0  0  0  0  0  0  0  0  0  0
160715   197  0009     9  0  0  0  0  0  0  0  0  0  0  0  0  0  0  0  0  0  0  0  0
160715   197  0010    10  0  0  0  0  0  0  0  0  0  0  0  0  0  0  0  0  0  0  0  0
160715   197  0011    11  0  0  0  0  0  0  0  0  0  0  0  0  0  0  0  0  0  0  0  0
160715   197  0012    12  0  0  0  0  0  0  0  0  0  0  0  0  0  0  0  0  0  0  0  0
160715   197  0013    13  0  0  0  0  0  0  0  0  0  0  0  0  0  0  0  0  0  0  0  0
160715   197  0014    14  0  0  0  0  0  0  0  0  0  0  0  0  0  0  0  0  0  0  0  0
160715   197  0015    15  0  0  0  0  0  0  0  0  0  0  0  0  0  0  0  0  0  0  0  0
160715   197  0016    16  0  0  0  0  0  0  0  0  0  0  0  0  0  0  0  0  0  0  0  0
160715   197  0017    17  0  0  0  0  0  0  0  0  0  0  0  0  0  0  0  0  0  0  0  0
160715   197  0018    18  0  0  0  0  0  0  0  0  0  0  0  0  0  0  0  0  0  0  0  0
160715   197  0019    19  0  0  0  0  0  0  0  0  0  0  0  0  0  0  0  0  0  0  0  0
160715   197  0020    20  0  0  0  0  0  0  0  0  0  0  0  0  0  0  0  0  0  0  0  0
160715   197  0021    21  0  0  0  0  0  0  0  0  0  0  0  0  0  0  0  0  0  0  0  0
160715   197  0022    22  0  0  0  0  0  0  0  0  0  0  0  0  0  0  0  0  0  0  0  0
160715   197  0023    23  0  0  0  0  0  0  0  0  0  0  0  0  0  0  0  0  0  0  0  0
160715   197  0024    24  0  0  0  0  0  0  0  0  0  0  0  0  0  0  0  0  0  0  0  0
160715   197  0025    25  0  0  0  0  0  0  0  0  0  0  0  0  0  0  0  0  0  0  0  0
160715   197  0026    26  0  0  0  0  0  0  0  0  0  0  0  0  0  0  0  0  0  0  0  0
160715   197  0027    27  0  0  0  0  0  0  0  0  0  0  0  0  0  0  0  0  0  0  0  0
160715   197  0028    28  0  0  0  0  0  0  0  0  0  0  0  0  0  0  0  0  0  0  0  0
160715   197  0029    29  0  0  0  0  0  0  0  0  0  0  0  0  0  0  0  0  0  0  0  0
160715   197  0030    30  0  0  0  0  0  0  0  0  0  0  0  0  0  0  0  0  0  0  0  0
160715   197  0031    31  0  0  0  0  0  0  0  0  0  0  0  0  0  0  0  0  0  0  0  0
160715   197  0032    32  0  0  0  0  0  0  0  0  0  0  0  0  0  0  0  0  0  0  0  0
160715   197  0033    33  0  0  0  0  0  0  0  0  0  0  0  0  0  0  0  0  0  0  0  0
160715   197  0034    34  0  0  0  0  0  0  0  0  0  0  0  0  0  0  0  0  0  0  0  0
160715   197  0035    35  0  0  0  0  0  0  0  0  0  0  0  0  0  0  0  0  0  0  0  0
160715   197  0036    36  0  0  0  0  0  0  0  0  0  0  0  0  0  0  0  0  0  0  0  0
160715   197  0037    37  0  0  0  0  0  0  0  0  0  0  0  0  0  0  0  0  0  0  0  0
160715   197  0038    38  0  0  0  0  0  0  0  0  0  0  0  0  0  0  0  0  0  0  0  0
160715   197  0039    39  0  0  0  0  0  0  0  0  0  0  0  0  0  0  0  0  0  0  0  0
160715   197  0040    40  0  0  0  0  0  0  0  0  0  0  0  0  0  0  0  0  0  0  0  0
160715   197  0041    41  0  0  0  0  0  0  0  0  0  0  0  0  0  0  0  0  0  0  0  0
160715   197  0042    42  0  0  0  0  0  0  0  0  0  0  0  0  0  0  0  0  0  0  0  0
160715   197  0043    43  0  0  0  0  0  0  0  0  0  0  0  0  0  0  0  0  0  0  0  0
160715   197  0044    44  0  0  0  0  0  0  0  0  0  0  0  0  0  0  0  0  0  0  0  0
160715   197  0045    45  0  0  0  0  0  0  0  0  0  0  0  0  0  0  0  0  0  0  0  0
160715   197  0046    46  0  0  0  0  0  0  0  0  0  0  0  0  0  0  0  0  0  0  0  0
160715   197  0047    47  0  0  0  0  0  0  0  0  0  0  0  0  0  0  0  0  0  0  0  0
160715   197  0048    48  0  0  0  0  0  0  0  0  0  0  0  0  0  0  0  0  0  0  0  0
160715   197  0049    49  0  0  0  0  0  0  0  0  0  0  0  0  0  0  0  0  0  0  0  0
160715   197  0050    50  0  0  0  0  0  0  0  0  0  0  0  0  0  0  0  0  0  0  0  0
160715   197  0051    51  0  0  0  0  0  0  0  0  0  0  0  0  0  0  0  0  0  0  0  0
160715   197  0052    52  0  0  0  0  0  0  0  0  0  0  0  0  0  0  0  0  0  0  0  0
160715   197  0053    53  0  0  0  0  0  0  0  0  0  0  0  0  0  0  0  0  0  0  0  0
160715   197  0054    54  0  0  0  0  0  0  0  0  0  0  0  0  0  0  0  0  0  0  0  0
160715   197  0055    55  0  0  0  0  0  0  0  0  0  0  0  0  0  0  0  0  0  0  0  0
160715   197  0056    56  0  0  0  0  0  0  0  0  0  0  0  0  0  0  0  0  0  0  0  0
160715   197  0057    57  0  0  0  0  0  0  0  0  0  0  0  0  0  0  0  0  0  0  0  0
160715   197  0058    58  0  0  0  0  0  0  0  0  0  0  0  0  0  0  0  0  0  0  0  0
160715   197  0059    59  0  0  0  0  0  0  0  0  0  0  0  0  0  0  0  0  0  0  0  0
160715   197  0100    60  0  0  0  0  0  0  0  0  0  0  0  0  0  0  0  0  0  0  0  0
160715   197  0101    61  0  0  0  0  0  0  0  0  0  0  0  0  0  0  0  0  0  0  0  0
160715   197  0102    62  0  0  0  0  0  0  0  0  0  0  0  0  0  0  0  0  0  0  0  0
160715   197  0103    63  0  0  0  0  0  0  0  0  0  0  0  0  0  0  0  0  0  0  0  0
160715   197  0104    64  1  0  0  0  0  0  0  0  0  0  0  0  0  0  0  0  0  0  0  0
160715   197  0105    65  0  0  0  0  0  0  0  0  0  0  0  0  0  0  0  0  0  0  0  0
160715   197  0106    66  0  0  0  0  0  0  0  0  0  0  0  0  0  0  0  0  0  0  0  0
160715   197  0107    67  0  0  0  0  0  0  0  0  0  0  0  0  0  0  0  0  0  0  0  0
160715   197  0108    68  0  0  0  0  0  0  0  0  0  0  0  0  0  0  0  0  0  0  0  0
160715   197  0109    69  0  0  0  0  0  0  0  0  0  0  0  0  0  0  0  0  0  0  0  0
160715   197  0110    70  0  0  0  0  0  0  0  0  0  0  0  0  0  0  0  0  0  0  0  0
160715   197  0111    71  0  0  0  0  0  0  0  0  0  0  0  0  0  0  0  0  0  0  0  0
160715   197  0112    72  0  0  0  0  0  0  0  0  0  0  0  0  0  0  0  0  0  0  0  0
160715   197  0113    73  0  0  0  0  0  0  0  0  0  0  0  0  0  0  0  0  0  0  0  0
160715   197  0114    74  0  0  0  0  0  0  0  0  0  0  0  0  0  0  0  0  0  0  0  0
160715   197  0115    75  0  0  0  0  0  0  0  0  0  0  0  0  0  0  0  0  0  0  0  0
160715   197  0116    76  0  0  0  0  0  0  0  0  0  0  0  0  0  0  0  0  0  0  0  0
160715   197  0117    77  0  0  0  0  0  0  0  0  0  0  0  0  0  0  0  0  0  0  0  0
160715   197  0118    78  0  0  0  0  0  0  0  0  0  0  0  0  0  0  0  0  0  0  0  0
160715   197  0119    79  0  0  0  0  0  0  0  0  0  0  0  0  0  0  0  0  0  0  0  0
160715   197  0120    80  0  0  0  0  0  0  0  0  0  0  0  0  0  0  0  0  0  0  0  0
160715   197  0121    81  0  0  0  0  0  0  0  0  0  0  0  0  0  0  0  0  0  0  0  0
160715   197  0122    82  0  0  0  0  0  0  0  0  0  0  0  0  0  0  0  0  0  0  0  0
160715   197  0123    83  0  0  0  0  0  0  0  0  0  0  0  0  0  0  0  0  0  0  0  0
160715   197  0124    84  0  0  0  0  0  0  0  0  0  0  0  0  0  0  0  0  0  0  0  0
160715   197  0125    85  0  0  0  0  0  0  0  0  0  0  0  0  0  0  0  0  0  0  0  0
160715   197  0126    86  0  0  0  0  0  0  0  0  0  0  0  0  0  0  0  0  0  0  0  0
160715   197  0127    87  0  0  0  0  0  0  0  0  0  0  0  0  0  0  0  0  0  0  0  0
160715   197  0128    88  0  0  0  0  0  0  0  0  0  0  0  0  0  0  0  0  0  0  0  0
160715   197  0129    89  0  0  1  0  0  0  0  0  0  0  0  0  0  0  0  0  0  0  0  0
160715   197  0130    90  0  0  0  0  0  0  0  0  0  0  0  0  0  0  0  0  0  0  0  0
160715   197  0131    91  0  0  0  0  0  0  0  0  0  0  0  0  0  0  0  0  0  0  0  0
160715   197  0132    92  0  0  0  0  0  0  0  0  0  0  0  0  0  0  0  0  0  0  0  0
160715   197  0133    93  0  0  0  0  0  0  0  0  0  0  0  0  0  0  0  0  0  0  0  0
160715   197  0134    94  0  0  0  0  0  0  0  0  0  0  0  0  0  0  0  0  0  0  0  0
160715   197  0135    95  0  0  0  0  0  0  0  0  0  0  0  0  0  0  0  0  0  0  0  0
160715   197  0136    96  0  0  0  0  0  0  0  0  0  0  0  0  0  0  0  0  0  0  0  0
160715   197  0137    97  0  0  0  0  0  0  0  0  0  0  0  0  0  0  0  0  0  0  0  0
160715   197  0138    98  0  0  0  0  0  0  0  0  0  0  0  0  0  0  0  0  0  0  0  0
160715   197  0139    99  0  0  0  0  0  0  0  0  0  0  0  0  0  0  0  0  0  0  0  0
