"TOA5","EBM1","CR3000","8941","CR3000.Std.27","CPU:KC.EBM1_16.02.18.CR3","16128","DAS2"
"TIMESTAMP","RECORD","SONIC_T_VIR","SONIC_V_U","SONIC_V_V","SONIC_V_W","LICOR_D_CD","LICOR_M_AH"
"TS","RN","Deg C","m/s","m/s","m/s","mg/m**3","g/m**3"
"","","Smp","Smp","Smp","Smp","Smp","Smp"
"2016-02-25 14:48:36.76",0,8.277527,0.68,0.15,0.42,762.0303,4.6801
"2016-02-25 14:48:36.8",1,8.24408,0.7,0.03,0.3,761.878,4.682412
"2016-02-25 14:48:36.88",2,8.277527,0.55,0.09,0.31,762.0018,4.680709
"2016-02-25 14:48:36.92",3,8.277527,0.47,0.2,0.31,761.8914,4.684526
"2016-02-25 14:48:36.96",4,8.277527,0.46,0.14,0.28,761.9133,4.692356
"2016-02-25 14:48:37",5,8.210632,0.42,0.09,0.35,761.9025,4.696963
"2016-02-25 14:48:37.08",6,8.277527,0.51,0.19,0.27,761.8416,4.69718
"2016-02-25 14:48:37.12",7,8.277527,0.36,0.23,0.33,761.7534,4.701172
"2016-02-25 14:48:37.16",8,8.24408,0.44,0.08,0.5,761.8087,4.700504
"2016-02-25 14:48:37.2",9,8.277527,0.61,-0.07,0.57,761.7056,4.708214
"2016-02-25 14:48:37.24",10,8.24408,0.59,0.25,0.61,761.7972,4.707081
"2016-02-25 14:48:37.28",11,8.277527,0.61,0.17,0.6,761.8314,4.707309
"2016-02-25 14:48:37.36",12,8.277527,0.59,0.09,0.61,761.7837,4.704422
"2016-02-25 14:48:37.4",13,8.24408,0.53,0.04,0.67,761.8101,4.708131
"2016-02-25 14:48:37.44",14,8.210632,0.52,0.11,0.74,761.7974,4.706138
"2016-02-25 14:48:37.48",15,8.24408,0.49,0.22,0.68,761.8076,4.701666
"2016-02-25 14:48:37.52",16,8.277527,0.4,0.38,0.59,761.8367,4.703018
"2016-02-25 14:48:37.56",17,8.277527,0.4,0.33,0.56,761.8369,4.703165
"2016-02-25 14:48:37.64",18,8.277527,0.35,0.41,0.42,761.8545,4.700579
"2016-02-25 14:48:37.68",19,8.310974,0.41,0.35,0.38,761.8267,4.701334
"2016-02-25 14:48:37.72",20,8.24408,0.43,0.08,0.5,761.647,4.707255
"2016-02-25 14:48:37.76",21,8.177185,0.43,0.01,0.62,761.6889,4.706851
"2016-02-25 14:48:37.8",22,8.177185,0.28,0.02,0.54,761.7673,4.705808
"2016-02-25 14:48:37.84",23,8.210632,0.23,0.09,0.52,761.7938,4.70309
"2016-02-25 14:48:37.92",24,8.210632,0.19,0.1,0.53,761.7509,4.706604
"2016-02-25 14:48:37.96",25,8.177185,0.31,0.02,0.58,761.6799,4.708803
"2016-02-25 14:48:38",26,8.143768,0.35,-0.03,0.63,761.6166,4.713644
"2016-02-25 14:48:38.04",27,8.177185,0.46,-0.05,0.69,761.6624,4.707017
"2016-02-25 14:48:38.12",28,8.143768,0.48,-0.21,0.74,761.3953,4.708364
"2016-02-25 14:48:38.16",29,8.143768,0.4,-0.29,0.65,761.4549,4.708685
"2016-02-25 14:48:38.2",30,8.177185,0.43,-0.53,0.46,761.4973,4.707916
"2016-02-25 14:48:38.24",31,8.177185,0.44,-0.53,0.47,761.4478,4.704858
"2016-02-25 14:48:38.32",32,8.110352,0.45,-0.53,0.51,761.4878,4.710266
"2016-02-25 14:48:38.36",33,8.076904,0.39,-0.61,0.47,761.3768,4.710224
"2016-02-25 14:48:38.4",34,8.043488,0.36,-0.58,0.62,761.3882,4.731984
"2016-02-25 14:48:38.44",35,8.076904,0.34,-0.64,0.67,761.1107,4.778925
"2016-02-25 14:48:38.52",36,8.076904,0.3,-0.67,0.78,761.0226,4.793015
"2016-02-25 14:48:38.56",37,8.110352,0.34,-0.75,0.71,760.7402,4.815294
"2016-02-25 14:48:38.6",38,8.110352,0.56,-0.68,0.7,760.5702,4.826337
"2016-02-25 14:48:38.64",39,8.143768,0.63,-0.59,0.62,760.7824,4.822165
"2016-02-25 14:48:38.68",40,8.177185,0.65,-0.36,0.58,760.5948,4.832963
"2016-02-25 14:48:38.72",41,8.143768,0.57,-0.32,0.58,760.5353,4.839735
"2016-02-25 14:48:38.8",42,8.110352,0.52,-0.35,0.67,760.5406,4.837386
"2016-02-25 14:48:38.84",43,8.110352,0.57,-0.37,0.73,760.4885,4.843266
"2016-02-25 14:48:38.88",44,8.143768,0.35,-0.08,0.65,760.5168,4.841228
"2016-02-25 14:48:38.92",45,8.143768,0.29,0.1,0.64,760.5915,4.828525
"2016-02-25 14:48:38.96",46,8.143768,0.36,0.12,0.6,760.6089,4.807227
"2016-02-25 14:48:39",47,8.177185,0.37,0.03,0.57,760.8303,4.779242
"2016-02-25 14:48:39.08",48,8.177185,0.28,0.07,0.55,761.0128,4.767416
"2016-02-25 14:48:39.12",49,8.177185,0.41,0.01,0.49,760.8911,4.76231
"2016-02-25 14:48:39.16",50,8.177185,0.45,0.05,0.43,760.9182,4.75586
"2016-02-25 14:48:39.2",51,8.210632,0.53,0.05,0.43,761.1297,4.732768
"2016-02-25 14:48:39.24",52,8.24408,0.59,0.06,0.44,761.1182,4.727365
"2016-02-25 14:48:39.28",53,8.210632,0.64,0.05,0.42,761.1068,4.732286
"2016-02-25 14:48:39.36",54,8.24408,0.72,0.07,0.41,761.2755,4.722408
"2016-02-25 14:48:39.4",55,8.24408,0.75,0.02,0.4,761.311,4.722424
"2016-02-25 14:48:39.44",56,8.143768,0.84,0.02,0.26,761.2083,4.732744
"2016-02-25 14:48:39.48",57,8.043488,1.02,-0.05,0.37,761.1767,4.740819
"2016-02-25 14:48:39.56",58,8.110352,1.04,-0.1,0.44,761.1714,4.751995
"2016-02-25 14:48:39.6",59,8.043488,1.07,-0.18,0.44,761.1309,4.752846
"2016-02-25 14:48:39.64",60,8.043488,1.09,-0.15,0.44,761.1176,4.771584
"2016-02-25 14:48:39.68",61,8.076904,1.11,-0.15,0.49,760.9642,4.793465
"2016-02-25 14:48:39.76",62,8.043488,1.2,-0.15,0.42,760.3803,4.844893
"2016-02-25 14:48:39.8",63,8.076904,1.19,-0.21,0.49,760.0897,4.891048
"2016-02-25 14:48:39.84",64,8.143768,1.2,-0.21,0.55,759.4883,4.956935
"2016-02-25 14:48:39.88",65,8.177185,1.25,-0.15,0.56,759.3135,4.957854
"2016-02-25 14:48:39.96",66,8.143768,1.22,-0.17,0.52,759.5411,4.942846
"2016-02-25 14:48:40",67,8.210632,1.16,-0.12,0.6,759.4875,4.951908
"2016-02-25 14:48:40.04",68,8.177185,1.08,-0.12,0.61,759.3946,4.961178
"2016-02-25 14:48:40.08",69,8.210632,1.08,-0.15,0.58,759.3573,4.965842
"2016-02-25 14:48:40.12",70,8.24408,1.09,-0.15,0.59,759.1747,4.982227
"2016-02-25 14:48:40.16",71,8.277527,1.12,-0.23,0.58,759.024,4.978258
"2016-02-25 14:48:40.24",72,8.310974,1.14,-0.29,0.61,759.4756,4.946357
"2016-02-25 14:48:40.28",73,8.277527,1.15,-0.29,0.58,759.4521,4.942923
"2016-02-25 14:48:40.32",74,8.310974,1.19,-0.3,0.61,759.7391,4.926833
"2016-02-25 14:48:40.36",75,8.310974,1.17,-0.34,0.6,759.6288,4.918169
"2016-02-25 14:48:40.4",76,8.344391,1.11,-0.36,0.69,759.593,4.926757
"2016-02-25 14:48:40.44",77,8.277527,1.23,-0.42,0.74,759.4789,4.941507
"2016-02-25 14:48:40.52",78,8.177185,1.25,-0.4,0.54,759.7022,4.922263
"2016-02-25 14:48:40.56",79,8.076904,1.35,-0.45,0.31,759.7525,4.919997
"2016-02-25 14:48:40.6",80,8.177185,1.24,-0.55,0.44,759.7175,4.932072
"2016-02-25 14:48:40.64",81,8.277527,1.22,-0.63,0.52,759.6075,4.939006
"2016-02-25 14:48:40.68",82,8.24408,1.2,-0.71,0.53,759.6626,4.938506
"2016-02-25 14:48:40.72",83,8.310974,1.04,-0.64,0.56,759.7563,4.931263
"2016-02-25 14:48:40.8",84,8.277527,1.05,-0.8,0.64,759.9461,4.910164
"2016-02-25 14:48:40.84",85,8.210632,1.07,-0.96,0.44,759.9074,4.915441
"2016-02-25 14:48:40.88",86,8.110352,0.72,-0.77,0,759.895,4.92296
"2016-02-25 14:48:40.92",87,8.010071,0.8,-0.82,-0.1,759.96,4.911929
"2016-02-25 14:48:41",88,8.010071,0.79,-0.65,-0.11,759.5169,4.960886
"2016-02-25 14:48:41.04",89,7.943207,0.81,-0.3,-0.55,759.4559,4.965762
"2016-02-25 14:48:41.08",90,7.943207,1.23,-0.3,-0.41,759.2861,4.978211
"2016-02-25 14:48:41.12",91,7.976624,1.24,-0.24,-0.27,759.4066,4.970936
"2016-02-25 14:48:41.2",92,8.010071,1.19,-0.21,-0.33,759.405,4.975306
"2016-02-25 14:48:41.24",93,8.043488,1.15,-0.32,-0.18,759.4642,4.974166
"2016-02-25 14:48:41.28",94,8.010071,1.09,-0.23,-0.15,759.4147,4.980921
"2016-02-25 14:48:41.32",95,8.010071,1.09,0,-0.27,759.3262,4.976248
